# parallel/reprint arts where EN official differs from our CDB (auto-detected, pHash ham>=110) or EN has no image.
# make_release bundles these local arts into the update zip so they override EN download.
880000481
880000515
880000536
880000733
880000734
880000873
880000967
880000975
881000006
881000047
881000116
881000119
881000127
881000176
881000177
881000179
881000197
881000210
881000211
881000230
881000231
881000234
881000235
881000236
881000248
881000249
881000251
881000252
881000256
881000258
881000322
881000325
881000327
881000328
881000329
881000330
881000331
881000332
881000334
881000335
881000336
881000344
881000345
881000352
881000353
881000354
881000355
881000356
881000357
881000361
881000364
881000366
881000371
881000372
881000373
881000374
881000375
881000376
881000382
881000383
881000412
881000547
881000551
881000552
881000555
881000557
881000558
881000562
881000563
881000564
881000567
881000570
881000574
881000575
881000576
881000577
881000580
881000589
881000593
881000594
881000597
881000602
881000608
881000611
881000612
881000613
881000615
881000619
881000620
881000622
881000625
881000626
881000629
881000642
881000645
881000647
881000648
881000650
881000652
881000656
881000657
881000658
881000659
881000662
881000664
881000667
881000668
881000677
881000679
881000683
881000684
881000686
881000687
881000688
881000694
881000695
881000696
881000698
